8.699999999999999956e-01
8.599999999999999867e-01
8.499999999999999778e-01
8.199999999999999512e-01
7.500000000000000000e-01
6.700000000000000400e-01
5.500000000000000444e-01
4.000000000000000222e-01
2.399999999999999911e-01
1.100000000000000006e-01
-4.000000000000000083e-02
-1.900000000000000022e-01
-3.499999999999999778e-01
-5.000000000000000000e-01
-6.500000000000000222e-01
-7.900000000000000355e-01
-9.499999999999999556e-01
-1.070000000000000062e+00
-1.129999999999999893e+00
-1.159999999999999920e+00
-1.149999999999999911e+00
-1.080000000000000071e+00
-9.799999999999999822e-01
-8.199999999999999512e-01
-6.400000000000000133e-01
-4.799999999999999822e-01
-2.999999999999999889e-01
-1.000000000000000056e-01
5.999999999999999778e-02
1.900000000000000022e-01
2.700000000000000178e-01
3.300000000000000155e-01
3.900000000000000133e-01
4.600000000000000200e-01
5.200000000000000178e-01
5.799999999999999600e-01
2.000000000000000042e-02
8.999999999999999667e-02
1.900000000000000022e-01
2.999999999999999889e-01
4.099999999999999756e-01
5.300000000000000266e-01
6.500000000000000222e-01
7.600000000000000089e-01
8.199999999999999512e-01
8.299999999999999600e-01
8.100000000000000533e-01
7.700000000000000178e-01
6.999999999999999556e-01
6.099999999999999867e-01
5.200000000000000178e-01
4.099999999999999756e-01
2.600000000000000089e-01
1.400000000000000133e-01
5.999999999999999778e-02
-5.999999999999999778e-02
-1.499999999999999944e-01
-2.399999999999999911e-01
-3.499999999999999778e-01
-4.199999999999999845e-01
-5.000000000000000000e-01
-5.999999999999999778e-01
-7.299999999999999822e-01
-8.299999999999999600e-01
-8.299999999999999600e-01
-8.100000000000000533e-01
-7.700000000000000178e-01
-6.700000000000000400e-01
-5.999999999999999778e-01
-5.300000000000000266e-01
-4.500000000000000111e-01
-4.000000000000000222e-01
